[5, 1, 2, 4]
[9, 6, 3, 8]
[13, 15, 10, 11]
[14, 0, 7, 12]

[5, 1, 2, 4]
[9, 6, 3, 8]
[13, 0, 10, 11]
[14, 15, 7, 12]

[5, 1, 2, 4]
[9, 6, 3, 8]
[13, 10, 0, 11]
[14, 15, 7, 12]

[5, 1, 2, 4]
[9, 6, 3, 8]
[13, 10, 7, 11]
[14, 15, 0, 12]

[5, 1, 2, 4]
[9, 6, 3, 8]
[13, 10, 7, 11]
[14, 0, 15, 12]

[5, 1, 2, 4]
[9, 6, 3, 8]
[13, 10, 7, 11]
[0, 14, 15, 12]

[5, 1, 2, 4]
[9, 6, 3, 8]
[0, 10, 7, 11]
[13, 14, 15, 12]

[5, 1, 2, 4]
[0, 6, 3, 8]
[9, 10, 7, 11]
[13, 14, 15, 12]

[0, 1, 2, 4]
[5, 6, 3, 8]
[9, 10, 7, 11]
[13, 14, 15, 12]

[1, 0, 2, 4]
[5, 6, 3, 8]
[9, 10, 7, 11]
[13, 14, 15, 12]

[1, 2, 0, 4]
[5, 6, 3, 8]
[9, 10, 7, 11]
[13, 14, 15, 12]

[1, 2, 3, 4]
[5, 6, 0, 8]
[9, 10, 7, 11]
[13, 14, 15, 12]

[1, 2, 3, 4]
[5, 6, 7, 8]
[9, 10, 0, 11]
[13, 14, 15, 12]

[1, 2, 3, 4]
[5, 6, 7, 8]
[9, 10, 11, 0]
[13, 14, 15, 12]

[1, 2, 3, 4]
[5, 6, 7, 8]
[9, 10, 11, 12]
[13, 14, 15, 0]
